48
200
25
11
29
28
28
31
25
23
42
200
37
27
30
30
35
200
55
57
200
24
33
73
29
30
49
44
35
24
42
49
36
31
38
55
200
200
200
200
40
49
24
42
52
30
44
56
200
40
200
53
54
200
52
200
26
200
16
24
14
12
32
25
37
46
45
23
50
19
23
19
32
31
24
30
42
19
46
40
27
31
39
43
31
32
35
40
40
51
19
38
60
30
42
21
58
80
28
130
14
9
20
22
22
21
12
12
41
59
22
18
24
20
21
48
35
35
24
16
21
44
22
24
83
27
23
20
26
23
25
19
19
42
53
198
200
78
26
16
19
26
18
25
35
40
54
31
61
41
67
24
21
25
10
14
12
11
10
10
18
17
20
21
22
14
24
10
14
11
16
16
17
19
21
14
26
16
16
18
17
18
18
21
21
26
26
37
12
22
37
21
25
16
32
39
